# NaN NaN NaN ;Mean Elev.(m), Avg Gradient(m/km), RMS Gradient(m/km) - SRTM1     
#   79.425   0.337   3.470 ;Mean Elev.(m), Avg Gradient(m/km), RMS Gradient(m/km) - ASTER GDEM
#   72.264   0.501   3.204 ;Mean Elev.(m), Avg Gradient(m/km), RMS Gradient(m/km) - GMTED2010 
 10  32.694206  25.776504    71.992    71.992  2 52562.33743216 45.275
 12  32.691316  25.773450    68.922    68.922  2 52632.33739269 35.487
 13  32.687575  25.772576    69.301    69.301  2 52667.33741192 51.722
 15  32.690632  25.774382    70.096    70.096  2 52737.33742512 48.621
 16  32.689659  25.773401    70.808    70.808  2 52772.33739145 48.019
 17  32.690078  25.773498    72.000    72.000  2 52807.33744830 52.651
 18  32.692597  25.775792    73.308    73.308  2 52842.33750641 33.912
 19  32.689949  25.775364    71.171    71.171  2 52877.33754511 47.106
 20  32.695993  25.776427    69.755    69.755  2 52912.33750319 49.327
 23  32.687667  25.773369    68.974    68.974  2 53017.33749250 44.759
 24  32.695864  25.776156    69.732    69.732  2 53052.33747160 50.502
 25  32.678968  25.770377    72.591    72.591  2 53087.33751000 39.471
 26  32.690786  25.773487    71.644    71.644  2 53122.33747885 49.139
 27  32.684056  25.772308    73.454    73.454  2 53157.33753551 33.348
 28  32.694767  25.775224    72.039    72.039  2 53192.33752763 50.983
 29  32.693120  25.775244    73.261    73.261  2 53227.33752800 42.846
 31  32.681579  25.771398    72.313    72.313  2 53297.33753901 33.192
 32  32.690601  25.775518    72.136    72.136  2 53332.33750989 33.104
 33  32.690240  25.774514    68.925    68.925  2 53367.33745511 50.840
 34  32.691439  25.775540    69.441    69.441  2 53402.33748313 37.784
 35  32.689766  25.775102    70.319    70.319  2 53437.33747233 52.345
 36  32.687735  25.773423    70.723    70.736  3 53472.33752588 51.346
 37  32.687633  25.774061    72.310    72.310  2 53507.33755475 35.631
 38  32.686330  25.774085    72.132    72.132  2 53542.33756248 46.589
 39  32.685855  25.771834    72.189    72.189  2 53577.33754973 48.188
 40  32.684283  25.772602    71.524    71.524  2 53612.33750184 37.364
 41  32.693645  25.774973    69.815    69.815  2 53647.33750611 36.387
 42  32.683326  25.772766    70.292    70.292  2 53682.33752254 50.376
 43  32.691464  25.775144    69.045    69.045  2 53717.33744921 51.936
 44  32.699693  25.776817    68.731    68.731  2 53752.33736827 50.974
 45  32.693520  25.774811    70.042    70.042  2 53787.33739896 39.788
 47  32.686736  25.771901    70.976    70.976  2 53857.33744557 42.858
 48  32.696064  25.776668    72.245    72.245  2 53892.33745771 51.557
 49  32.679000  25.769821    72.250    72.250  2 53927.33751946 50.745
 50  32.681165  25.771586    71.593    71.593  2 53962.33750329 39.536
 52  32.694790  25.776543    70.276    70.276  2 54032.33749782 45.018
 54  32.686993  25.773013    69.047    69.047  2 54102.33745274 52.061
 55  32.691532  25.774316    69.628    69.628  2 54137.33742029 49.542
 56  32.687327  25.773485    70.485    70.485  2 54172.33743001 39.051
 57  32.690592  25.773875    70.415    70.415  2 54207.33742583 39.416
 58  32.690708  25.774094    71.655    71.655  2 54242.33745791 41.649
 59  32.690667  25.774677    72.125    72.125  2 54277.33747208 52.264
 60  32.691569  25.775324    72.277    72.277  2 54312.33747265 52.447
 61  32.688470  25.773934    71.593    71.593  2 54347.33744528 36.472
 62  32.692189  25.773883    71.777    71.777  2 54382.33741014 52.958
 63  32.688305  25.773401    71.061    71.061  2 54417.33739488 45.213
 64  32.693197  25.776305    69.123    69.123  2 54452.33737910 49.369
 65  32.691231  25.773480    69.298    69.298  2 54487.33739214 48.251
 66  32.692601  25.773748    70.258    70.258  2 54522.33739287 37.852
 67  32.688200  25.773385    70.867    70.867  2 54557.33740212 40.548
 68  32.690083  25.773799    71.300    71.300  2 54592.33738859 51.484
 69  32.689524  25.774805    72.287    72.287  2 54627.33740421 41.395
 70  32.688054  25.773065    72.343    72.343  2 54662.33741204 51.069
 71  32.689821  25.774284    71.944    71.946  3 54697.33738684 51.842
 72  32.691921  25.774550    70.780    70.780  2 54732.33736832 44.673
 73  32.690677  25.775335    70.153    70.153  2 54767.33736640 36.670
 74  32.690762  25.773795    69.658    69.658  2 54802.33736240 36.692
 75  32.690184  25.774015    69.330    69.330  2 54837.33735895 47.326
 76  32.691977  25.776291    72.397    72.397  2 54872.33736094 33.573
 77  32.685570  25.772523    70.564    70.564  2 54907.33736710 54.298
 78  32.690565  25.774085    70.997    70.997  2 54942.33735362 49.560
 79  32.689309  25.774710    73.221    73.221  2 54977.33738143 33.578
 80  32.689255  25.774976    72.083    72.083  2 55012.33738942 49.010
 81  32.691041  25.774430    71.868    71.868  2 55047.33738134 50.222
 82  32.687689  25.772994    70.706    70.706  2 55082.33735340 38.261
 83  32.692480  25.774288    70.185    70.185  2 55117.33731371 49.217
 84  32.688598  25.774374    69.875    69.875  2 55152.33731137 39.884
 85  32.691297  25.774742    68.917    68.930  3 55187.33730041 46.095
 86  32.688504  25.772800    69.477    69.477  2 55222.33731049 49.477
 87  32.691891  25.774818    70.017    70.017  2 55257.33729665 50.151
 88  32.687490  25.773911    70.408    70.408  2 55292.33729778 44.338
 89  32.688397  25.774505    70.853    70.853  2 55327.33728040 38.570
 90  32.688737  25.773919    72.803    71.767  3 55362.33727686 40.336
 91  32.691386  25.774452    71.732    71.732  2 55397.33728412 39.091
 92  32.691982  25.774080    71.385    71.385  2 55432.33729168 43.165
 93  32.688431  25.773871    69.910    69.910  2 55467.33725116 51.094
