# NaN NaN NaN ;Mean Elev.(m), Avg Gradient(m/km), RMS Gradient(m/km) - SRTM1     
#   37.215  -3.435   6.991 ;Mean Elev.(m), Avg Gradient(m/km), RMS Gradient(m/km) - ASTER GDEM
#   27.450  -3.888   6.400 ;Mean Elev.(m), Avg Gradient(m/km), RMS Gradient(m/km) - GMTED2010 
 11  30.845887  28.468299    30.145    30.191  4 52609.81811869 49.681
 18  30.845433  28.465857    32.718    32.926  7 52854.81822546 33.624
 20  30.846075  28.468955    30.173    30.151  4 52924.81821261 40.165
 21  30.848246  28.469444    34.776    34.728  4 52959.81817964 26.148
 23  30.848424  28.469982    29.239    29.316  4 53029.81817647 45.157
 24  30.847933  28.470453    30.176    30.351  4 53064.81818393 46.284
 26  30.849481  28.469333    31.619    31.619  2 53134.81818379 47.130
 32  30.846558  28.466910    31.400    31.799  6 53344.81820236 31.138
 37  30.847104  28.466875    33.676    33.582  5 53519.81825416 28.485
 42  30.845487  28.468864    30.107    29.616  5 53694.81820243 48.516
 44  30.849054  28.469698    31.547    29.967  3 53764.81809064 29.279
 50  30.844033  28.469602    31.634    31.634  2 53974.81818469 43.000
 52  30.848963  28.470139    33.965    35.597  3 54044.81819853 23.346
 53  30.846582  28.467981    32.381    32.553  6 54079.81819130 26.641
 54  30.848539  28.469219    30.048    30.123  4 54114.81812711 46.255
 56  30.848070  28.470188    31.679    30.795  4 54184.81811785 28.168
 58  30.844717  28.465795    31.773    31.935  3 54254.81817226 40.416
 59  30.846728  28.469360    32.171    32.521  5 54289.81817537 40.076
 60  30.846790  28.469622    32.251    32.279  5 54324.81817282 34.016
 61  30.849361  28.469751    33.130    32.401  3 54359.81812699 28.438
 62  30.845728  28.467355    32.463    32.412  6 54394.81811244 47.150
 63  30.848370  28.470053    33.794    35.155  3 54429.81807699 28.767
 64  30.844915  28.468513    30.022    30.019  5 54464.81809230 46.503
 65  30.847655  28.469434    30.290    30.280  4 54499.81808820 40.489
 66  30.846629  28.467969    35.182    35.154  6 54534.81810653 21.969
 67  30.848659  28.469798    31.709    31.032  4 54569.81809167 37.685
 68  30.846486  28.458925    34.984    34.994  3 54604.81809963 27.145
 69  30.845295  28.467093    32.269    32.504  5 54639.81811100 39.167
 70  30.845652  28.462267    31.717    31.717  2 54674.81811259 50.949
 71  30.849276  28.470099    33.386    33.386  2 54709.81807109 26.308
 72  30.845263  28.463804    33.450    34.546  4 54744.81807981 29.027
 73  30.847542  28.468960    30.395    30.507  5 54779.81805416 44.265
 74  30.843611  28.469304    30.371    30.371  2 54814.81807403 44.168
 75  30.847526  28.467820    34.158    34.894  5 54849.81805316 26.899
 76  30.845304  28.460829    30.184    30.184  2 54884.81807596 43.895
 77  30.846990  28.467930    32.336    31.981  5 54919.81805469 28.816
 80  30.847178  28.469080    31.838    31.800  4 55024.81808787 48.961
 81  30.846174  28.466716    31.599    31.691  5 55059.81808201 33.744
 82  30.847792  28.470243    30.172    30.517  4 55094.81803488 48.206
 83  30.845986  28.462486    30.604    30.604  2 55129.81802253 45.330
 84  30.846914  28.469863    30.388    30.462  4 55164.81799632 44.783
 86  30.847220  28.468096    29.943    30.083  5 55234.81800138 48.218
 87  30.845570  28.466582    30.783    30.802  5 55269.81800952 46.105
 88  30.849534  28.469678    30.543    30.543  2 55304.81798271 44.838
 89  30.846283  28.465061    33.886    33.984  6 55339.81798163 26.060
 90  30.846925  28.468588    32.030    32.006  4 55374.81797386 42.973
 91  30.845279  28.469368    32.035    32.112  5 55409.81799601 31.159
 92  30.846763  28.466894    33.046    33.364  5 55444.81799054 26.939
